Womens Sizing
(XS) Chest: 32-33". Waist: 24-25". Hip: 34-35". Arm: 30.75"
(S) Chest: 34-35". Waist: 26-27". Hip: 36-37". Arm: 31.25"
(M) Chest: 36-37". Waist: 28-29". Hip: 38-39". Arm: 31.75"
(L) Chest: 38-39". Waist: 30-31". Hip: 40-41". Arm: 32.25"
(XL) Chest: 41-42". Waist: 33-34". Hip: 43-44". Arm: 33"













Boys Sizing
(7) XS. Chest: 26-27". Waist: 22-23". Height: 46-50". Weight: 46-52lbs
(8) S. Chest: 27-28". Waist: 23-24". Height: 50-54". Weight: 52-62lbs
(10) M. Chest: 28-29". Waist: 24-25". Height: 54-56". Weight: 62-80lbs
(12) L. Chest: 29-31". Waist: 25-26". Height: 56-58". Weight: 80-90lbs
(14) XL. Chest: 31-32". Waist: 26-27". Height: 58-61". Weight: 90-100lbs
(16) XXL. Chest: 32-34". Waist: 27-28". Height: 61-64". Weight: 100+lbs



Boys Pant Sizing
(7) XS Waist: 22-23". Hip: 26-27". Height: 46-50". Weight: 46-52lbs
(8) S Waist: 23-24". Hip: 27-28". Height: 50-54". Weight: 52-62lbs
(10) M Waist: 24-25". Hip: 28-29". Height: 54-56". Weight: 62-80lbs
(12) L Waist: 25-26". Hip: 29-31". Height: 56-58". Weight: 80-90lbs
(14) XL Waist: 26-27". Hip: 31-32". Height: 58-61". Weight: 90-110lbs
(16) XXL Waist: 27-28". Hip: 32-34". Height: 61-64". Weight: 100+lbs











Girls Sizing
(7) XS. Chest: 26-27". Waist: 22-23". Height: 46-50". Hips: 26-27"
(8) S. Chest: 27-28". Waist: 23-24". Height: 50-54". Hips: 27-28"
(10) M. Chest: 28-29". Waist: 24-25". Height: 54-56". Hips: 28-29"
(12) L. Chest: 29-31". Waist: 25-26". Height: 56-58". Hips: 29-31"
(14) XL. Chest: 31-32". Waist: 26-27". Height: 58-61". Hips: 31-32"
(16) XXL. Chest: 32-34". Waist: 27-28". Height: 61-64". Hips: 32-34"




Girls Pant Sizing
(7) XS Waist: 22-23". Hip: 26-27". Height: 46-50". Weight: 46-52lbs
(8) S Waist: 23-24". Hip: 27-28". Height: 50-54". Weight: 52-62lbs
(10) M Waist: 24-25". Hip: 28-29". Height: 54-56". Weight: 62-80lbs
(12) L Waist: 25-26". Hip: 29-31". Height: 56-58". Weight: 80-90lbs
(14) XL Waist: 26-27". Hip: 31-32". Height: 58-61". Weight: 90-110lbs
(16) XXL Waist: 27-28". Hip: 32-34". Height: 61-64". Weight: 100+lbs